APC,2,500,3,5000,1
ADI,2,300,3,3000,1
ANSS,2,100,3,1000,1
ANTM,2,200,3,2000,1
AON,2,200,3,2000,1
AOS,2,200,3,2000,1
APA,2,500,3,5000,1
AIV,2,200,3,1000,1
AAPL,2,2000,5,20000,1
AMAT,2,1000,3,10000,1
APTV,2,200,3,2000,1
ANET,2,200,3,2000,1
ARNC,2,400,3,4000,1
AJG,2,200,3,1000,1
AIZ,2,200,3,1000,1
T,2,1000,8,80000,1
ADSK,2,300,3,3000,1
ADP,2,400,3,4000,1
AZO,2,200,3,1000,1
AVB,2,200,3,1000,1
AVY,2,200,3,1000,1
BHGE,2,1400,3,14000,1
BLL,2,400,3,4000,1
BAC,2,1000,6,60000,1
BK,2,500,3,5000,1
BAX,2,400,3,4000,1
BBY,2,400,3,4000,1
BIIB,2,200,3,2000,1
BLK,2,200,3,1000,1
HRB,2,400,3,4000,1
BA,2,500,3,5000,1
BKNG,2,200,3,1000,1
BWA,2,200,3,2000,1
BXP,2,200,3,1000,1
BSX,2,1000,3,10000,1
BHF,2,200,3,1000,1
BMY,2,1300,3,13000,1
AVGO,2,400,3,4000,1
BR,2,400,3,4000,1
CHRW,2,200,3,2000,1
COG,2,700,3,7000,1
CDNS,2,200,3,2000,1
CPB,2,300,3,3000,1
COF,2,300,3,3000,1
CAH,2,400,3,4000,1
KMX,2,200,3,1300,1
CCL,2,500,3,5000,1
CAT,2,800,3,8000,1
CBOE,2,200,3,1000,1
CBRE,2,200,3,2000,1
CBS,2,300,3,3000,1
CELG,2,1000,3,10000,1
CNC,2,200,3,1500,1
CNP,2,600,3,6000,1
CTL,2,1000,4,14000,1
CERN,2,300,3,3000,1
CF,2,500,3,5000,1
SCHW,2,1000,5,13000,1
CHTR,2,200,3,1700,1
CVX,2,600,3,6000,1
CMG,2,200,3,1000,1
CB,2,200,3,1000,1
CHD,2,400,3,4000,1
CI,2,200,3,2400,1
XEC,2,200,3,1200,1
CINF,2,200,3,1000,1
CTAS,2,200,3,1000,1
CSCO,2,10000,5,20000,1
C,2,10000,5,14000,1
CFG,2,500,3,5000,1
CTXS,2,300,3,3000,1
CLX,2,200,3,1000,1
CME,2,300,3,3000,1
CMS,2,300,3,3000,1
KO,2,1000,5,13000,1
CTSH,2,400,3,4000,1
CL,2,500,3,5000,1
CMCSA,2,1000,5,20000,1
CMA,2,200,3,2000,1
CAG,2,700,3,7000,1
CXO,2,300,3,2300,1
COP,2,600,3,6000,1
ED,2,300,3,2500,1
STZ,2,200,3,1600,1
COO,2,100,3,1000,1
CPRT,2,300,3,2000,1
GLW,2,600,3,6000,1
COST,2,200,3,2000,1
COTY,2,1000,3,9000,1
CCI,2,300,3,3000,1
CSX,2,600,3,6000,1
CMI,2,200,3,1500,1
CVS,2,1000,5,10000,1
DHI,2,500,3,5000,1
DHR,2,300,3,2600,1
DVA,2,200,3,1700,1
DE,2,300,3,2600,1
DAL,2,700,3,7000,1
XRAY,2,300,3,2600,1
DVN,2,800,3,8000,1
FANG,2,300,3,2000,1
DLR,2,200,3,1700,1
DFS,2,200,3,2000,1
DISCA,2,400,3,4000,1
DISCK,2,300,3,2800,1
DISH,2,300,3,2600,1
DG,2,400,3,4000,1
DLTR,2,600,3,6000,1
D,2,300,3,3000,1
DOV,2,200,3,1000,1
DWDP,2,1000,5,10000,1
DTE,2,200,3,1200,1
DRE,2,200,3,1900,1
DUK,2,500,3,4500,1
DXC,2,300,3,2500,1
ETFC,2,300,3,3000,1
EMN,2,200,3,1300,1
ETN,2,200,3,2000,1
EBAY,2,200,3,1400,1
ECL,2,200,3,1300,1
EIX,2,400,3,4000,1
EW,2,200,3,1800,1
EA,2,500,3,5000,1
EMR,2,400,3,3000,1
ETR,2,200,3,1700,1
EOG,2,400,3,3700,1
EFX,2,200,3,1000,1
EQIX,2,200,3,1000,1
EQR,2,300,3,2000,1
ESS,2,200,3,1000,1
EL,2,500,3,5000,1
EVRG,2,200,3,2000,1
ES,2,300,3,3000,1
RE,2,200,3,1000,1
EXC,2,600,3,6000,1
EXPE,2,200,3,1300,1
EXPD,2,200,3,2000,1
ESRX,2,400,3,4000,1
EXR,2,200,3,2000,1
XOM,2,1000,5,10000,1
FFIV,2,200,3,1000,1
FB,2,1000,3,10000,1
FAST,2,400,3,3000,1
FRT,2,200,3,1000,1
FDX,2,200,3,1600,1
FIS,2,200,3,2000,1
FITB,2,600,3,6000,1
FE,2,500,3,5000,1
FISV,2,200,3,2000,1
FLT,2,200,3,1000,1
FLIR,2,200,3,2000,1
FLS,2,200,3,1500,1
FLR,2,300,3,2500,1
FMC,2,200,3,1300,1
FL,2,200,3,2000,1
F,2,1000,10,10000,1
FTNT,2,300,3,3000,1
BEN,2,400,3,4000,1
FCX,2,1000,8,10000,1
GPS,2,5000,3,5000,1
GRMN,2,200,3,1200,1
IT,2,200,3,1000,1
GD,2,200,3,1600,1
GE,2,1000,10,20000,1
GIS,2,600,3,6000,1
GM,2,1000,5,18000,1
GPC,2,200,3,1000,1
GILD,2,800,3,8000,1
GPN,2,200,3,1400,1
GS,2,600,3,6000,1
GT,2,300,3,3000,1
GWW,2,200,3,1000,1
HAL,2,1000,5,10000,1
HBI,2,500,3,5000,1
HOG,2,200,3,2000,1
HRS,2,200,3,1500,1
HIG,2,300,3,2500,1
HAS,2,200,3,1400,1
HCA,2,200,3,2000,1
HCP,2,500,3,4000,1
HP,2,200,3,1500,1
HSIC,2,200,3,1500,1
HSY,2,200,3,1200,1
HES,2,400,3,4000,1
HPE,2,1000,10,10000,1
HLT,2,500,3,5000,1
HFC,2,200,3,2300,1
HOLX,2,200,3,2000,1
HD,2,600,3,6000,1
HRL,2,500,3,5000,1
HST,2,600,3,6000,1
HPQ,2,1000,5,10000,1
HUM,2,200,3,1100,1
HBAN,2,1000,3,10000,1
HII,2,200,3,1000,1
IDXX,2,200,3,1000,1
INFO,2,200,3,2000,1
ITW,2,200,3,1500,1
ILMN,2,200,3,1200,1
IR,2,300,3,3000,1
INTC,2,1000,10,10000,1
ICE,2,300,3,3000,1
IBM,2,700,3,7000,1
INCY,2,200,3,2000,1
IP,2,400,3,4000,1
IPG,2,500,3,5000,1
IFF,2,200,3,1100,1
INTU,2,300,3,2500,1
ISRG,2,200,3,1100,1
IVZ,2,500,3,5000,1
IPGP,2,200,3,1000,1
IQV,2,300,3,3000,1
IRM,2,200,3,2000,1
JKHY,2,200,3,1000,1
JEC,2,200,3,2000,1
JBHT,2,200,3,1200,1
JEF,2,200,3,2400,1
SJM,2,200,3,2000,1
JNJ,2,1000,5,10000,1
JCI,2,600,3,6000,1
JPM,2,1000,5,10000,1
JNPR,2,400,3,4000,1
KSU,2,200,3,1300,1
K,2,300,3,3000,1
KEYS,2,1000,3,10000,1
KMB,2,200,3,2000,1
KIM,2,400,3,4000,1
KMI,2,1000,10,10000,1
KLAC,2,200,3,1400,1
KSS,2,300,3,3000,1
KHC,2,500,3,5000,1
KR,2,1000,3,5000,1
LB,2,400,3,4000,1
LLL,2,200,3,1000,1
LH,2,200,3,12000,1
LRCX,2,300,3,3000,1
LW,2,200,3,2000,1
LEG,2,200,3,1500,1
LEN,2,400,3,4000,1
LLY,2,500,3,5000,1
LNC,2,200,3,1900,1
LIN,2,300,3,3000,1
LKQ,2,300,3,3000,1
LMT,2,200,3,2000,1
L,2,200,3,1500,1
LOW,2,600,3,6000,1
LYB,2,300,3,3000,1
MTB,2,200,3,1500,1
MAC,2,200,3,1000,1
M,2,700,3,7000,1
MRO,2,1000,3,10000,1
MPC,2,600,3,6000,1
MAR,2,200,3,2000,1
MMC,2,300,3,3000,1
MLM,2,200,3,1000,1
MAS,2,300,3,3000,1
MA,2,500,3,5000,1
MAT,2,500,3,5000,1
MKC,2,200,3,1200,1
MXIM,2,400,3,4000,1
MCD,2,400,3,4000,1
MCK,2,200,3,2000,1
MDT,2,500,3,5000,1
MRK,2,1000,5,10000,1
MET,2,500,3,5000,1
MTD,2,200,3,1000,1
MGM,2,500,3,5000,1
KORS,2,500,3,5000,1
MCHP,2,300,3,3000,1
MU,2,1000,5,10000,1
MSFT,2,1000,5,10000,1
MAA,2,200,3,1000,1
MHK,2,200,3,1000,1
TAP,2,200,3,2000,1
MDLZ,2,1000,5,10000,1
MNST,2,300,3,3000,1
MCO,2,200,3,1300,1
MS,2,1000,5,5000,1
MOS,2,300,3,3000,1
MSI,2,200,3,1300,1
MSCI,2,200,3,1500,1
MYL,2,400,3,4000,1
NDAQ,2,200,3,2000,1
NOV,2,300,3,3000,1
NKTR,2,200,4,2000,1
NTAP,2,400,3,4000,1
NFLX,2,1000,3,10000,1
NWL,2,1000,5,10000,1
NFX,2,600,3,6000,1
NEM,2,600,3,6000,1
NWSA,2,300,3,3000,1
NWS,2,200,3,1000,1
NEE,2,200,3,2000,1
NLSN,2,300,3,3000,1
NKE,2,800,3,8000,1
NI,2,400,3,4000,1
NBL,2,500,3,5000,1
JWN,2,400,3,4000,1
NSC,2,200,3,2300,1
NTRS,2,200,3,1500,1
NOC,2,200,3,1000,1
NCLH,2,200,3,2500,1
NRG,2,500,3,5000,1
NUE,2,300,3,3000,1
NVDA,2,1000,4,10000,1
ORLY,2,200,3,1200,1
OXY,2,500,3,5000,1
OMC,2,300,3,3000,1
OKE,2,300,3,3000,1
ORCL,2,1000,5,10000,1
PCAR,2,300,3,2000,1
PKG,2,200,3,1200,1
PH,2,200,3,1200,1
PAYX,2,300,3,3000,1
PNR,2,200,3,1700,1
PBCT,2,500,3,5000,1
PEP,2,500,3,5000,1
PKI,2,200,3,1000,1
PRGO,2,200,3,1200,1
PFE,2,1000,5,10000,1
PYPL,2,1000,4,10000,1
PCG,2,500,3,5000,1
PM,2,500,3,5000,1
PSX,2,300,3,3000,1
PNW,2,200,3,1500,1
PXD,2,200,3,2000,1
PNC,2,300,3,3000,1
RL,2,200,3,1500,1
PPG,2,200,3,2000,1
PPL,2,500,3,5000,1
PFG,2,200,3,2000,1
PG,2,1000,5,10000,1
PGR,2,500,3,5000,1
PLD,2,300,3,3000,1
PRU,2,300,3,2200,1
PEG,2,300,4,3000,1
PSA,2,200,3,1700,1
PHM,2,500,3,5000,1
PVH,2,300,3,3000,1
QRVO,2,200,3,1700,1
PWR,2,200,3,1700,1
QCOM,2,1000,5,10000,1
DGX,2,300,3,2000,1
RJF,2,200,3,1500,1
RTN,2,200,3,2000,1
O,2,300,3,3000,1
RHT,2,300,3,3000,1
REG,2,200,3,1300,1
REGN,2,200,3,1000,1
RF,2,1000,5,10000,1
RSG,2,200,3,2000,1
RMD,2,200,3,1500,1
RHI,2,200,3,1300,1
ROK,2,200,3,1000,1
ROL,2,200,3,1000,1
ROP,2,200,3,1000,1
ROST,2,300,3,3000,1
RCL,2,200,3,1500,1
CRM,2,700,3,7000,1
SBAC,2,200,3,1000,1
SCG,2,200,3,1500,1
SLB,2,1000,5,10000,1
STX,2,500,3,5000,1
SEE,2,200,3,3000,1
SRE,2,300,3,3000,1
SHW,2,200,3,1000,1
SPG,2,200,3,2000,1
SWKS,2,300,3,3000,1
SLG,2,200,3,1000,1
SNA,2,200,3,1000,1
SO,2,700,3,7000,1
LUV,2,400,3,4000,1
SPGI,2,200,3,2000,1
SWK,2,200,3,1500,1
SBUX,2,1000,5,10000,1
STT,2,300,3,3000,1
SYK,2,200,3,2000,1
STI,2,300,3,3000,1
SIVB,2,200,3,1000,1
SYMC,2,500,3,5000,1
SYF,2,500,3,5000,1
SNPS,2,200,3,1300,1
SYY,2,300,3,3000,1
TROW,2,200,3,2000,1
TTWO,2,300,3,2000,1
TPR,2,400,3,4000,1
TGT,2,700,3,7000,1
TEL,2,200,3,2000,1
FTI,2,400,3,4000,1
TXN,2,800,3,8000,1
TXT,2,200,3,2000,1
TMO,2,200,3,2000,1
TIF,2,300,3,3000,1
TWTR,2,1000,5,10000,1
TJX,2,800,3,8000,1
TMK,2,200,3,1000,1
TSS,2,200,3,1700,1
TSCO,2,200,3,1500,1
TDG,2,200,3,1000,1
TRV,2,200,3,2000,1
TRIP,2,200,3,2000,1
FOXA,2,1000,5,10000,1
FOX,2,700,3,7000,1
TSN,2,300,3,3000,1
UDR,2,200,3,1600,1
ULTA,2,200,3,1000,1
USB,2,1000,5,10000,1
UAA,2,600,3,6000,1
UA,2,500,3,5000,1
UNP,2,600,3,6000,1
UAL,2,400,3,4000,1
UNH,2,300,3,3000,1
UPS,2,300,3,3000,1
URI,2,200,3,2000,1
UTX,2,500,4,5000,1
UHS,2,200,3,1200,1
UNM,2,200,3,2000,1
VFC,2,300,3,3000,1
VLO,2,500,3,5000,1
VAR,2,200,3,1000,1
VTR,2,200,3,2000,1
VRSN,2,200,3,1000,1
VRSK,2,200,3,1200,1
VZ,2,1000,5,20000,1
VRTX,2,200,3,1200,1
VIAB,2,300,3,3000,1
V,2,1000,5,10000,1
VNO,2,200,3,1500,1
VMC,2,200,3,1300,1
WMT,2,1000,5,10000,1
WBA,2,700,3,7000,1
DIS,2,800,3,8000,1
WAT,2,200,3,1000,1
WM,2,300,3,2000,1
WEC,2,200,3,2000,1
WCG,2,200,3,1500,1
WFC,2,1000,5,10000,1
WELL,2,200,3,2000,1
WDC,2,600,3,6000,1
WU,2,500,3,5000,1
WRK,2,200,3,2000,1
WY,2,500,3,5000,1
WHR,2,200,3,2000,1
WMB,2,1000,5,10000,1
WLTW,2,200,3,2000,1
WYNN,2,300,3,3000,1
XEL,2,400,3,4000,1
XRX,2,300,3,3000,1
XLNX,2,300,3,3000,1
XYL,2,200,3,1600,1
YUM,2,200,3,2000,1
ZBH,2,200,3,1200,1
ZION,2,200,3,2000,1
ZTS,2,300,3,3000,1